Corr name =  analyzeBasicPat/corr_typ_0_pt0_eta0_3
name analyzeBasicPat/corr_typ_0_pt0_eta0_3 60
-6.5, -6.115, -5.785, -5.49, -5.22, -4.965, -4.72, -4.48, -4.245, -4.015, -3.79, -3.57, -3.35, -3.13, -2.915, -2.705, -2.5, -2.305, -2.12, -1.945, -1.78, -1.625, -1.485, -1.365, -1.26, -1.165, -1.085, 
0.504122, 0.400819, 0.283219, 0.331715, 0.235241, 0.317889, 0.203279, 0.230993, 0.19808, 0.17196, 0.201771, 0.179935, 0.16305, 0.168587, 0.14736, 0.156362, 0.14667, 0.146133, 0.159138, 0.134211, 0.154163, 0.115755, 0.125165, 0.0929166, 0.076619, 0.192241, 0.0479619, 
double thrustc_0[20] ={-3.57, -3.34, -3.13, -2.93, -2.74, -2.55, -2.35, -2.15, -1.95, -1.76, -1.58, -1.42, -1.29, -1.18, -1.08, -0.98, -0.88, -0.78, -0.68, -0.58 }; 
Corr name =  analyzeBasicPat/corr_typ_0_pt1_eta0_3
name analyzeBasicPat/corr_typ_0_pt1_eta0_3 54
-6.45, -5.985, -5.61, -5.29, -5.005, -4.74, -4.49, -4.255, -4.03, -3.81, -3.595, -3.385, -3.175, -2.97, -2.77, -2.575, -2.385, -2.2, -2.02, -1.845, -1.68, -1.525, -1.385, -1.26, -1.145, -1.04, 
0.902303, 0.306358, 0.285661, 0.257807, 0.235221, 0.214074, 0.191407, 0.234413, 0.174683, 0.164595, 0.246569, 0.319495, 0.170295, 0.146275, 0.157506, 0.14768, 0.153371, 0.147272, 0.146235, 0.129642, 0.120003, 0.0428145, 0.656622, 0.144693, 0.0709064, 0.363064, 
double thrustc_1[19] ={-3.33, -3.06, -2.83, -2.62, -2.43, -2.25, -2.08, -1.92, -1.77, -1.64, -1.51, -1.38, -1.25, -1.12, -0.99, -0.86, -0.73, -0.6, -0.47 }; 
Corr name =  analyzeBasicPat/corr_typ_0_pt2_eta0_3
name analyzeBasicPat/corr_typ_0_pt2_eta0_3 60
-6.485, -6.075, -5.73, -5.425, -5.145, -4.885, -4.64, -4.405, -4.18, -3.96, -3.74, -3.525, -3.315, -3.105, -2.9, -2.7, -2.505, -2.32, -2.14, -1.965, -1.805, -1.66, -1.525, -1.4, -1.29, -1.195, -1.11, -1.035, 
0.502395, 0.312934, 0.256946, 0.249647, 0.219832, 0.205906, 0.185681, 0.191586, 0.181241, 0.191031, 0.173254, 0.170466, 0.183178, 0.155455, 0.161024, 0.153557, 0.182565, 0.162666, 0.114496, 0.129049, 0.108985, 0.0953814, 0.099107, 0.0705525, 0.0708094, 0.0732051, 0.289459, 0.203528, 
double thrustc_2[21] ={-3.51, -3.29, -3.07, -2.85, -2.64, -2.44, -2.25, -2.07, -1.9, -1.74, -1.6, -1.47, -1.36, -1.25, -1.14, -1.03, -0.92, -0.81, -0.7, -0.59, -0.48 }; 
Corr name =  analyzeBasicPat/corr_typ_0_pt3_eta0_3
name analyzeBasicPat/corr_typ_0_pt3_eta0_3 56
-6.52, -6.165, -5.85, -5.565, -5.3, -5.05, -4.815, -4.585, -4.36, -4.14, -3.92, -3.705, -3.495, -3.285, -3.08, -2.88, -2.685, -2.495, -2.31, -2.135, -1.97, -1.815, -1.67, -1.54, -1.425, -1.32, -1.225, -1.14, 
0.800264, 0.267887, 0.285343, 0.232048, 0.277812, 0.1971, 0.185663, 0.185804, 0.195914, 0.162175, 0.229845, 0.171647, 0.150469, 0.16194, 0.148666, 0.193757, 0.190302, 0.146708, 0.135409, 0.130535, 0.126716, 0.0919498, 0.104601, 0.0985169, 0.0867093, 0.219298, 0.0399617, 0.0781505, 
double thrustc_3[21] ={-3.72, -3.49, -3.27, -3.06, -2.86, -2.67, -2.48, -2.29, -2.11, -1.94, -1.78, -1.63, -1.49, -1.37, -1.27, -1.17, -1.07, -0.97, -0.87, -0.77, -0.67 }; 
Corr name =  analyzeBasicPat/corr_typ_0_pt4_eta0_3
name analyzeBasicPat/corr_typ_0_pt4_eta0_3 50
-6.545, -6.225, -5.925, -5.64, -5.365, -5.1, -4.845, -4.6, -4.36, -4.125, -3.895, -3.67, -3.455, -3.245, -3.04, -2.845, -2.655, -2.47, -2.295, -2.13, -1.97, -1.815, -1.67, -1.535, -1.41, 
1.2085, 0.240441, 0.223611, 0.231346, 0.213187, 0.328178, 0.210358, 0.258503, 0.637271, 0.159314, 0.153221, 0.220737, 0.169836, 0.405539, 0.391906, 0.165671, 0.188847, 0.146236, 0.130253, 0.162056, 0.176592, 0.3188, 0.0988589, 0.0884749, 0.424046, 
double thrustc_4[15] ={-3.72, -3.47, -3.2, -2.93, -2.67, -2.43, -2.22, -2.03, -1.86, -1.7, -1.56, -1.42, -1.29, -1.16, -1.02 }; 
Corr name =  analyzeBasicPat/corr_typ_0_pt5_eta0_3
name analyzeBasicPat/corr_typ_0_pt5_eta0_3 52
-6.54, -6.22, -5.93, -5.66, -5.405, -5.16, -4.925, -4.695, -4.465, -4.24, -4.02, -3.8, -3.58, -3.36, -3.14, -2.925, -2.72, -2.525, -2.34, -2.165, -2, -1.85, -1.715, -1.595, -1.49, -1.4, 
0.804752, 0.326564, 0.270991, 0.212707, 0.196252, 0.220605, 0.192498, 0.198445, 0.199211, 0.205067, 0.180478, 0.177697, 0.260584, 0.170991, 0.195999, 0.152569, 0.16169, 0.14375, 0.133824, 0.135299, 0.110691, 0.0948973, 0.0909992, 0.118731, 0.271153, 0.0793767, 
double thrustc_5[19] ={-3.84, -3.6, -3.36, -3.12, -2.89, -2.67, -2.47, -2.28, -2.11, -1.96, -1.82, -1.69, -1.57, -1.46, -1.36, -1.26, -1.17, -1.08, -0.99 }; 
Corr name =  analyzeBasicPat/corr_typ_0_pt6_eta0_3
name analyzeBasicPat/corr_typ_0_pt6_eta0_3 66
-6.55, -6.24, -5.95, -5.675, -5.41, -5.155, -4.91, -4.67, -4.435, -4.205, -3.98, -3.765, -3.555, -3.35, -3.15, -2.955, -2.77, -2.59, -2.415, -2.25, -2.095, -1.95, -1.815, -1.69, -1.575, -1.47, -1.37, -1.275, -1.19, -1.115, 
0.502546, 0.291688, 0.218074, 0.238646, 0.229256, 0.232115, 0.256478, 0.192185, 0.191295, 0.18325, 0.188865, 0.165985, 0.164407, 0.167826, 0.163653, 0.151224, 0.15089, 0.136897, 0.158927, 0.121398, 0.102355, 0.0985691, 0.103896, 0.0731306, 0.165843, 0.0573005, 0.05866, 0.129234, 0.211105, 0.152665, 
double thrustc_6[23] ={-3.81, -3.59, -3.37, -3.15, -2.94, -2.74, -2.55, -2.37, -2.2, -2.05, -1.91, -1.78, -1.66, -1.55, -1.45, -1.36, -1.28, -1.2, -1.12, -1.04, -0.96, -0.88, -0.8 }; 
Corr name =  analyzeBasicPat/corr_typ_0_pt7_eta0_3
name analyzeBasicPat/corr_typ_0_pt7_eta0_3 74
-6.54, -6.215, -5.91, -5.62, -5.345, -5.08, -4.82, -4.565, -4.315, -4.07, -3.83, -3.595, -3.365, -3.14, -2.925, -2.72, -2.525, -2.34, -2.17, -2.015, -1.875, -1.75, -1.635, -1.535, -1.45, -1.375, -1.31, -1.255, -1.205, -1.16, -1.125, -1.095, 
0.305661, 0.075023, 0.210918, 0.297868, 0.0880556, 0.210341, 0.196093, 0.199843, 0.168359, 0.254882, 0.174911, 0.188774, 0.156074, 0.166857, 0.142641, 0.123149, 0.123387, 0.116841, 0.107605, 0.118857, 0.118495, 0.117816, 0.0645034, 0.114602, 0.110595, 0.0463692, 0.0472405, 0.0305955, 0.117539, 0.10234, 0.03, 0.0796712, 
double thrustc_7[25] ={-3.65, -3.41, -3.19, -2.99, -2.8, -2.62, -2.45, -2.29, -2.15, -2.02, -1.9, -1.78, -1.68, -1.59, -1.5, -1.42, -1.34, -1.26, -1.18, -1.1, -1.02, -0.94, -0.86, -0.78, -0.7 }; 
   
Corr name =  analyzeBasicPat/corr_typ_0_pt0_eta0_9
name analyzeBasicPat/corr_typ_0_pt0_eta0_9 46
-4.98, -4.755, -4.52, -4.275, -4.02, -3.755, -3.485, -3.21, -2.93, -2.655, -2.385, -2.12, -1.865, -1.625, -1.4, -1.19, -0.995, -0.815, -0.655, -0.51, -0.38, -0.265, -0.16, 
1.00008, 0.240007, 0.211877, 0.240342, 0.220096, 0.218478, 0.227068, 0.217479, 0.218323, 0.272696, 0.224596, 0.234029, 0.194986, 0.201863, 0.175786, 1.07196, 0.148272, 0.12028, 1.05625, 0.142879, 1.08229, 0.0915234, 0.188905, 
double tmass_0[12] ={-2.27, -1.97, -1.69, -1.44, -1.22, -1.03, -0.86, -0.7, -0.54, -0.37, -0.18, 0.05 }; 
Corr name =  analyzeBasicPat/corr_typ_0_pt1_eta0_9
name analyzeBasicPat/corr_typ_0_pt1_eta0_9 48
-4.945, -4.66, -4.385, -4.12, -3.86, -3.6, -3.34, -3.08, -2.825, -2.575, -2.325, -2.08, -1.845, -1.62, -1.405, -1.205, -1.02, -0.85, -0.7, -0.57, -0.46, -0.37, -0.295, -0.23, 
0.610739, 0.211205, 0.207505, 0.223311, 0.208214, 0.21203, 0.204832, 0.205537, 0.204999, 0.208218, 0.188184, 0.189793, 0.191055, 0.184034, 0.197869, 0.185366, 0.138337, 0.137017, 0.1113, 0.0813856, 0.179769, 0.062207, 0.0907027, 3.1494, 
double tmass_1[16] ={-2.17, -1.92, -1.67, -1.42, -1.18, -0.97, -0.78, -0.63, -0.5, -0.4, -0.33, -0.26, -0.19, -0.12, -0.05, 0.02 }; 
Corr name =  analyzeBasicPat/corr_typ_0_pt2_eta0_9
name analyzeBasicPat/corr_typ_0_pt2_eta0_9 52
-4.955, -4.69, -4.435, -4.185, -3.94, -3.7, -3.46, -3.22, -2.98, -2.74, -2.505, -2.275, -2.045, -1.82, -1.605, -1.4, -1.205, -1.025, -0.86, -0.71, -0.575, -0.455, -0.35, -0.26, -0.185, 
0.604358, 0.26957, 0.201819, 0.197905, 0.195167, 0.168008, 0.189824, 0.192725, 0.190708, 0.185561, 0.19144, 0.164226, 0.193176, 0.191045, 0.157956, 0.140074, 0.140451, 0.192474, 0.110278, 0.103514, 0.379237, 0.160763, 0.390991, 0.8705, 0.598754, 
double tmass_2[14] ={-2.36, -2.11, -1.86, -1.62, -1.4, -1.21, -1.04, -0.88, -0.73, -0.59, -0.45, -0.31, -0.16, 0.01 }; 
Corr name =  analyzeBasicPat/corr_typ_0_pt3_eta0_9
name analyzeBasicPat/corr_typ_0_pt3_eta0_9 60
-4.955, -4.695, -4.45, -4.215, -3.985, -3.76, -3.54, -3.32, -3.1, -2.88, -2.66, -2.445, -2.235, -2.03, -1.83, -1.635, -1.45, -1.275, -1.11, -0.96, -0.825, -0.7, -0.59, -0.495, -0.41, -0.335, -0.27, -0.215, -0.17, 
0.0620243, 0.223957, 0.211715, 0.185955, 0.185679, 0.206752, 0.194072, 0.18406, 0.185423, 0.18506, 0.198556, 0.174359, 0.151091, 0.198079, 0.182901, 0.166748, 0.144848, 0.123292, 0.127753, 0.0999221, 0.0981226, 0.090718, 0.0743898, 0.0739603, 0.0909649, 0.121868, 0.122365, 0.0850549, 0.123132, 
double tmass_3[18] ={-2.52, -2.27, -2.02, -1.78, -1.56, -1.36, -1.18, -1.02, -0.88, -0.75, -0.63, -0.52, -0.42, -0.32, -0.22, -0.11, -2.77556e-16, 0.12 }; 
Corr name =  analyzeBasicPat/corr_typ_0_pt4_eta0_9
name analyzeBasicPat/corr_typ_0_pt4_eta0_9 58
-4.96, -4.705, -4.46, -4.225, -3.995, -3.77, -3.55, -3.33, -3.11, -2.89, -2.67, -2.455, -2.245, -2.035, -1.83, -1.635, -1.45, -1.275, -1.11, -0.96, -0.825, -0.705, -0.6, -0.51, -0.435, -0.37, -0.315, -0.27, 
0.230105, 0.186174, 0.190367, 0.186516, 0.182361, 0.193403, 0.190886, 0.1806, 0.172098, 0.16107, 0.16704, 0.169835, 0.171103, 0.159688, 0.159528, 0.19436, 0.159833, 0.12667, 0.114512, 0.107556, 0.0980502, 0.0784889, 0.0681586, 0.108692, 0.0510208, 0.160001, 0.361699, 0.164453, 
double tmass_4[19] ={-2.53, -2.31, -2.09, -1.87, -1.66, -1.46, -1.27, -1.09, -0.93, -0.79, -0.67, -0.57, -0.48, -0.41, -0.35, -0.29, -0.23, -0.17, -0.11 }; 
Corr name =  analyzeBasicPat/corr_typ_0_pt5_eta0_9
name analyzeBasicPat/corr_typ_0_pt5_eta0_9 52
-4.96, -4.705, -4.46, -4.225, -3.995, -3.77, -3.55, -3.335, -3.125, -2.915, -2.71, -2.51, -2.31, -2.115, -1.925, -1.74, -1.56, -1.385, -1.22, -1.065, -0.915, -0.77, -0.635, -0.51, -0.395, -0.29, 
1.00097, 0.187808, 0.191622, 0.198363, 0.194612, 0.17858, 0.176206, 0.164442, 0.190458, 0.169542, 0.172396, 0.16546, 0.154783, 0.155734, 0.147333, 0.183711, 0.133891, 0.127268, 0.127273, 0.109184, 0.113365, 2.51866, 0.0832351, 0.107598, 0.0991979, 0.399469, 
double tmass_5[18] ={-2.57, -2.35, -2.14, -1.94, -1.75, -1.56, -1.38, -1.21, -1.05, -0.9, -0.76, -0.63, -0.51, -0.4, -0.29, -0.19, -0.09, -2.77556e-17 }; 
Corr name =  analyzeBasicPat/corr_typ_0_pt6_eta0_9
name analyzeBasicPat/corr_typ_0_pt6_eta0_9 60
-4.975, -4.745, -4.515, -4.29, -4.07, -3.85, -3.635, -3.425, -3.215, -3.01, -2.81, -2.615, -2.425, -2.24, -2.06, -1.885, -1.72, -1.56, -1.405, -1.26, -1.125, -0.995, -0.87, -0.755, -0.65, -0.55, -0.455, -0.37, -0.29, 
0.706557, 0.194019, 0.199906, 0.183232, 0.172908, 0.176241, 0.169483, 0.721345, 0.164495, 0.166404, 0.164499, 0.151292, 0.182483, 0.154403, 0.171367, 0.12207, 0.158516, 0.124035, 0.115129, 0.103999, 0.109298, 0.0839841, 0.0976294, 0.162562, 0.0776874, 0.0706078, 0.0597878, 0.0945012, 0.288387, 
double tmass_6[19] ={-2.69, -2.48, -2.27, -2.06, -1.86, -1.67, -1.5, -1.34, -1.2, -1.07, -0.95, -0.84, -0.73, -0.63, -0.53, -0.43, -0.33, -0.23, -0.12 }; 
Corr name =  analyzeBasicPat/corr_typ_0_pt7_eta0_9
name analyzeBasicPat/corr_typ_0_pt7_eta0_9 56
-4.97, -4.735, -4.505, -4.28, -4.06, -3.84, -3.625, -3.415, -3.205, -2.995, -2.79, -2.59, -2.395, -2.205, -2.02, -1.84, -1.665, -1.5, -1.345, -1.2, -1.065, -0.94, -0.83, -0.735, -0.65, -0.57, -0.495, -0.43, 
0.602022, 0.172553, 0.175988, 0.175092, 0.17804, 0.151877, 0.164824, 0.171319, 0.162191, 0.166459, 0.169735, 0.160444, 0.15286, 0.2377, 0.237087, 0.236271, 0.130705, 0.233127, 0.230173, 0.221679, 0.247861, 0.155747, 0.118141, 0.062061, 0.464978, 0.161966, 0.222483, 0.191959, 
double tmass_7[18] ={-2.66, -2.45, -2.23, -2.02, -1.83, -1.67, -1.53, -1.4, -1.29, -1.18, -1.08, -0.98, -0.88, -0.77, -0.65, -0.51, -0.33, -0.09 }; 
   
Corr name =  analyzeBasicPat/corr_typ_0_pt0_eta0_15
name analyzeBasicPat/corr_typ_0_pt0_eta0_15 14
-4.61, -4.14, -3.66, -3.18, -2.71, -2.26, -1.835, 
0.826571, 0.398772, 0.45895, 3.30696, 0.374876, 0.361347, 0.605181, 
