Jet:
//thrust
{-6.71, -6.01, -5.52, -5.13, -4.8, -4.51, -4.25, -4.01, -3.78, -3.56, -3.35, -3.15, -2.95, -2.76, -2.57, -2.39, -2.21, -2.04, -1.87, -1.71, -1.55, -1.4, -1.26 }, // 22
{-6.71, -6.12, -5.69, -5.34, -5.03, -4.76, -4.51, -4.28, -4.06, -3.84, -3.63, -3.42, -3.22, -3.02, -2.82, -2.63, -2.44, -2.25, -2.07, -1.9, -1.73, -1.57, -1.42, -1.29, -1.17}, //24
{-6.71, -6.26, -5.89, -5.58, -5.3, -5.04, -4.8, -4.57, -4.35, -4.14, -3.93, -3.72, -3.52, -3.32, -3.12, -2.92, -2.72, -2.53, -2.34, -2.16, -1.99, -1.83, -1.68, -1.54, -1.41, -1.29, -1.19}, //26
{-6.33, -6, -5.71, -5.44, -5.19, -4.95, -4.72, -4.5, -4.28, -4.07, -3.86, -3.65, -3.44, -3.24, -3.04, -2.84, -2.65, -2.46, -2.28, -2.11, -1.95, -1.8, -1.66, -1.53, -1.41, -1.31, -1.22}, //26
{-6.71, -6.36, -6.05, -5.76, -5.49, -5.24, -5, -4.76, -4.53, -4.31, -4.09, -3.87, -3.66, -3.45, -3.25, -3.05, -2.86, -2.67, -2.49, -2.32, -2.16, -2, -1.85, -1.72, -1.6, -1.49, -1.39, -1.3, -1.22}, // 28
{-6.71, -6.39, -6.09, -5.81, -5.54, -5.28, -5.03, -4.79, -4.56, -4.33, -4.11, -3.89, -3.68, -3.47, -3.27, -3.07, -2.88, -2.7, -2.52, -2.35, -2.19, -2.04, -1.9, -1.77, -1.65, -1.54, -1.44, -1.35, -1.26}, //28
{-6.71, -6.4, -6.11, -5.83, -5.56, -5.3, -5.05, -4.81, -4.57, -4.34, -4.12, -3.9, -3.69, -3.48, -3.28, -3.08, -2.89, -2.71, -2.54, -2.38, -2.23, -2.09, -1.95, -1.82, -1.7, -1.59, -1.49, -1.4, -1.32, -1.25, -1.19}, //30
{-6.71, -6.4, -6.11, -5.83, -5.56, -5.3, -5.05, -4.8, -4.56, -4.33, -4.11, -3.89, -3.68, -3.48, -3.28, -3.09, -2.91, -2.74, -2.58, -2.43, -2.29, -2.15, -2.02, -1.9, -1.79, -1.69, -1.6, -1.51, -1.43, -1.36, -1.3, -1.24, 1.19} //32

//tmas
{-5.75, -5.18, -4.71, -4.3, -3.94, -3.61, -3.3, -3.01, -2.73, -2.47, -2.22, -1.98, -1.75, -1.52, -1.31, -1.11, -0.92, -0.74, -0.57, -0.42} //19
{-5.75, -5.21, -4.78, -4.42, -4.1, -3.8, -3.52, -3.25, -2.99, -2.74, -2.49, -2.24, -2, -1.76, -1.53, -1.31, -1.1, -0.91, -0.73, -0.57, -0.43}, //20
{-5.75, -5.27, -4.89, -4.57, -4.28, -4.01, -3.76, -3.52, -3.28, -3.05, -2.82, -2.59, -2.36, -2.13, -1.91, -1.69, -1.48, -1.28, -1.09, -0.91, -0.75, -0.61, -0.49, -0.38},//23
{-5.75, -5.33, -4.98, -4.68, -4.41, -4.16, -3.92, -3.69, -3.46, -3.24, -3.02, -2.8, -2.58, -2.36, -2.15, -1.94, -1.74, -1.54, -1.35, -1.17, -1, -0.85, -0.71, -0.59, -0.49, -0.4, -0.32},//26
{-5.75, -5.36, -5.03, -4.74, -4.48, -4.23, -4, -3.77, -3.55, -3.33, -3.11, -2.9, -2.69, -2.48, -2.27, -2.06, -1.86, -1.66, -1.47, -1.29, -1.12, -0.97, -0.83, -0.71, -0.6, -0.5, -0.42, -0.35, -0.29},//28
{-5.75, -5.4, -5.09, -4.81, -4.55, -4.31, -4.08, -3.86, -3.64, -3.43, -3.22, -3.01, -2.8, -2.6, -2.4, -2.2, -2.01, -1.82, -1.64, -1.46, -1.29, -1.13, -0.98, -0.84, -0.72, -0.61, -0.51, -0.42, -0.34} //28
{-5.75, -5.43, -5.14, -4.87, -4.62, -4.38, -4.15, -3.93, -3.71, -3.5, -3.29, -3.08, -2.88, -2.68, -2.48, -2.28, -2.09, -1.9, -1.72, -1.55, -1.39, -1.24, -1.1, -0.97, -0.85, -0.74, -0.64, -0.55, -0.47, -0.4, -0.34}, //30
{-5.75, -5.45, -5.18, -4.92, -4.68, -4.45, -4.22, -4, -3.79, -3.58, -3.37, -3.17, -2.97, -2.77, -2.57, -2.38, -2.19, -2.01, -1.84, -1.67, -1.51, -1.36, -1.22, -1.09, -0.97, -0.86, -0.76, -0.67, -0.59, -0.52, -0.45, -0.39, -0.34} //32

//Y23
{-5.54, -4.99, -4.45, -3.91, -3.36, -2.81, -2.28, -1.81, -1.43 }, //8
{-5.54, -4.99, -4.45, -3.91, -3.36, -2.81, -2.28, -1.81, -1.43 }, //8
{-6.13, -5.56, -5.01, -4.47, -3.94, -3.42, -2.92, -2.45, -2.02, -1.65, -1.34 }, //10
{-6.71, -6.2, -5.67, -5.13, -4.6, -4.09, -3.6, -3.14, -2.72, -2.33, -1.97, -1.64, -1.33 }, //12
{-6.71, -6.12, -5.57, -5.05, -4.55, -4.08, -3.64, -3.22, -2.83, -2.46, -2.11, -1.79, -1.49 }, //12
{-6.71, -6.16, -5.63, -5.12, -4.64, -4.19, -3.77, -3.38, -3.01, -2.67, -2.34, -2.03, -1.73, -1.44, -1.15 }, //14
{-6.71, -6.18, -5.67, -5.18, -4.73, -4.31, -3.92, -3.56, -3.22, -2.9, -2.59, -2.3, -2.01, -1.73, -1.44}, //14
{-6.71, -6.17, -5.68, -5.24, -4.83, -4.45, -4.1, -3.77, -3.45, -3.15, -2.86, -2.58, -2.31, -2.04, -1.78 } //14 
//Bt
{-2.42, -2.25, -2.08, -1.92, -1.76, -1.6, -1.44, -1.28, -1.13, -0.98, -0.83, -0.68, -0.54, -0.4, -0.27},//14
{-2.71, -2.53, -2.35, -2.17, -1.99, -1.82, -1.65, -1.48, -1.31, -1.15, -0.99, -0.84, -0.7, -0.56, -0.43},//14
{-2.8, -2.61, -2.42, -2.23, -2.04, -1.86, -1.68, -1.51, -1.35, -1.19, -1.04, -0.9, -0.77, -0.65, -0.53, -0.42, -0.32}, //16
{-3, -2.8, -2.6, -2.4, -2.2, -2.01, -1.83, -1.66, -1.49, -1.33, -1.18, -1.04, -0.91, -0.79, -0.68, -0.58, -0.48, -0.39, -0.31},//18
{-3.19, -2.97, -2.75, -2.54, -2.34, -2.14, -1.95, -1.77, -1.6, -1.44, -1.29, -1.15, -1.02, -0.9, -0.79, -0.69, -0.59, -0.5, -0.42, -0.34, -0.27}, //20
{-3.38, -3.15, -2.92, -2.7, -2.49, -2.29, -2.1, -1.92, -1.75, -1.59, -1.44, -1.3, -1.17, -1.05, -0.94, -0.83, -0.73, -0.64, -0.55, -0.47, -0.39, -0.32, -0.25},//22
{-3.58, -3.34, -3.1, -2.87, -2.65, -2.44, -2.24, -2.05, -1.88, -1.72, -1.57, -1.43, -1.3, -1.18, -1.06, -0.95, -0.85, -0.76, -0.67, -0.59, -0.51, -0.43, -0.36, -0.29, -0.23}, //24
{-4.93, -4.68, -4.42, -4.15, -3.88, -3.62, -3.36, -3.11, -2.88, -2.66, -2.45, -2.26, -2.08, -1.91, -1.75, -1.61, -1.48, -1.35, -1.23, -1.12, -1.02, -0.92, -0.83, -0.75, -0.67, -0.59, -0.52, -0.45, -0.38} //28

//ttmas
{-5.89, -5.21, -4.66, -4.2, -3.8, -3.45, -3.14, -2.85, -2.59, -2.34, -2.1, -1.87, -1.64, -1.41, -1.18}, //14
{-5.89, -5.23, -4.73, -4.32, -3.97, -3.65, -3.36, -3.08, -2.82, -2.57, -2.33, -2.09, -1.86, -1.64, -1.43, -1.23, -1.04},//16
{-5.89, -5.3, -4.87, -4.52, -4.21, -3.93, -3.66, -3.41, -3.16, -2.92, -2.68, -2.45, -2.22, -2, -1.8, -1.61, -1.44, -1.28, -1.15} //18
{-5.89, -5.37, -4.98, -4.65, -4.36, -4.09, -3.84, -3.6, -3.36, -3.13, -2.9, -2.68, -2.46, -2.25, -2.05, -1.86, -1.68, -1.52, -1.38, -1.26, -1.16},//20
{-5.89, -5.4, -5.03, -4.71, -4.43, -4.17, -3.93, -3.7, -3.47, -3.25, -3.03, -2.81, -2.6, -2.39, -2.19, -2, -1.82, -1.66, -1.51, -1.38, -1.27, -1.18, -1.1},//22
{-5.89, -5.46, -5.11, -4.81, -4.54, -4.29, -4.05, -3.82, -3.59, -3.37, -3.15, -2.94, -2.73, -2.53, -2.34, -2.15, -1.98, -1.82, -1.67, -1.54, -1.42, -1.32, -1.23, -1.16, -1.1}, //24
{-5.89, -5.5, -5.17, -4.88, -4.61, -4.36, -4.12, -3.89, -3.67, -3.45, -3.24, -3.03, -2.83, -2.64, -2.45, -2.27, -2.1, -1.94, -1.79, -1.66, -1.54, -1.43, -1.34, -1.26, -1.19, -1.13, -1.08},//26
{-5.89, -5.55, -5.24, -4.96, -4.7, -4.45, -4.22, -3.99, -3.77, -3.56, -3.36, -3.16, -2.97, -2.78, -2.6, -2.43, -2.27, -2.11, -1.96, -1.82, -1.7, -1.59, -1.49, -1.4, -1.31, -1.23, -1.16} //26
Charged


//thrust

{-5.08, -4.74, -4.46, -4.22, -4, -3.79, -3.59, -3.39, -3.19, -2.99, -2.79, -2.59, -2.39, -2.19, -1.99, -1.8, -1.62, -1.45, -1.3, -1.17, -1.06},//20
{-5.19, -4.87, -4.61, -4.37, -4.15, -3.94, -3.74, -3.54, -3.34, -3.13, -2.92, -2.71, -2.49, -2.28, -2.07, -1.87, -1.68, -1.51, -1.36, -1.23, -1.13}, //20
{-5.31, -5.03, -4.78, -4.55, -4.33, -4.11, -3.9, -3.69, -3.47, -3.25, -3.03, -2.81, -2.59, -2.37, -2.15, -1.94, -1.75, -1.57, -1.41, -1.27, -1.16},//20
{-5.54, -5.26, -5, -4.76, -4.52, -4.29, -4.06, -3.83, -3.6, -3.37, -3.14, -2.91, -2.68, -2.45, -2.23, -2.02, -1.82, -1.64, -1.48, -1.34, -1.22}, //20
{-5.54, -5.26, -4.99, -4.73, -4.47, -4.22, -3.97, -3.71, -3.45, -3.19, -2.94, -2.69, -2.45, -2.22, -2, -1.8, -1.62, -1.46, -1.32}, //18
{-5.54, -5.25, -4.97, -4.69, -4.42, -4.15, -3.88, -3.61, -3.34, -3.07, -2.8, -2.54, -2.29, -2.06, -1.85, -1.66, -1.49, -1.34, -1.22}, //18
{-5.66, -5.36, -5.06, -4.76, -4.46, -4.16, -3.86, -3.56, -3.27, -2.98, -2.7, -2.44, -2.19, -1.96, -1.75, -1.56, -1.4, -1.26, -1.14}, //18
{-5.43, -5.08, -4.73, -4.37, -4.01, -3.66, -3.32, -2.99, -2.67, -2.37, -2.1, -1.85, -1.63, -1.43, -1.26}//14

//tmas

{-5.75, -5.15, -4.62, -4.15, -3.72, -3.32, -2.95, -2.6, -2.27, -1.96, -1.67, -1.4, -1.15, -0.91, -0.69, -0.49, -0.31},//16
{-5.75, -5.17, -4.69, -4.26, -3.87, -3.5, -3.15, -2.81, -2.49, -2.18, -1.88, -1.59, -1.32, -1.07, -0.84, -0.63, -0.45, -0.29, -0.15 },//18
{-5.75, -5.24, -4.8, -4.41, -4.05, -3.7, -3.37, -3.05, -2.73, -2.42, -2.12, -1.83, -1.55, -1.29, -1.05, -0.84, -0.65, -0.48, -0.34, -0.22, -0.13 }, //20
{-5.75, -5.28, -4.87, -4.49, -4.13, -3.79, -3.46, -3.14, -2.82, -2.51, -2.21, -1.92, -1.64, -1.38, -1.14, -0.92, -0.72, -0.55, -0.4, -0.27, -0.16,} //20
{-5.75, -5.28, -4.86, -4.46, -4.08, -3.72, -3.37, -3.03, -2.7, -2.38, -2.07, -1.78, -1.5, -1.24, -1.01, -0.8, -0.62, -0.46, -0.33} //18
{-5.75, -5.3, -4.88, -4.48, -4.1, -3.73, -3.37, -3.02, -2.68, -2.35, -2.03, -1.73, -1.45, -1.19, -0.95, -0.74, -0.55, -0.39, -0.25 } //18
{-5.75, -5.3, -4.87, -4.45, -4.04, -3.65, -3.27, -2.9, -2.54, -2.2, -1.87, -1.56, -1.28, -1.02, -0.79, -0.59, -0.41, -0.26, -0.13 } //18
{-5.75, -5.23, -4.73, -4.24, -3.77, -3.31, -2.87, -2.45, -2.05, -1.68, -1.34, -1.03, -0.76, -0.52, -0.31} //14

//Y23
{-6.71, -5.94, -5.08, -4.23, -3.44, -2.7, -1.95 },//6
{-6.71, -5.93, -5.11, -4.33, -3.61, -2.93, -2.24}, //6  -1.47 }
{-6.71, -6, -5.29, -4.62, -3.99, -3.39, -2.8, -2.19, -1.51 }; //8
{-6.71, -6, -5.33, -4.7, -4.1, -3.51, -2.93, -2.34, -1.71 } //8
{-6.71, -5.99, -5.31, -4.67, -4.06, -3.47, -2.88, -2.28, -1.64 }, //8
{-6.71, -6.03, -5.37, -4.73, -4.11, -3.5, -2.89, -2.26, -1.58 }, //8
{-6.71, -6.04, -5.36, -4.69, -4.04, -3.41, -2.79, -2.15, -1.58 } //8
{-6.71, -6.04, -5.36, -4.69, -4.04, -3.41, -2.79, -2.15, -1.58 } //8


/bt
{-4.83, -4.24, -3.85, -3.55, -3.3, -3.08, -2.88, -2.69, -2.51, -2.33, -2.16, -1.99, -1.82, -1.64, -1.46, -1.28, -1.1, -0.92, -0.75, -0.58, -0.42, -0.27, -0.14 }, //22
{-4.64, -4.17, -3.84, -3.57, -3.34, -3.13, -2.93, -2.74, -2.56, -2.38, -2.2, -2.02, -1.84, -1.66, -1.48, -1.29, -1.11, -0.93, -0.76, -0.6, -0.45, -0.31, -0.19 }, //22
{-4.83, -4.37, -4.04, -3.77, -3.54, -3.33, -3.13, -2.94, -2.75, -2.56, -2.37, -2.18, -1.99, -1.8, -1.6, -1.4, -1.21, -1.02, -0.84, -0.68, -0.53, -0.4, -0.29}, //22
{-4.93, -4.53, -4.21, -3.94, -3.7, -3.48, -3.27, -3.06, -2.86, -2.66, -2.46, -2.26, -2.06, -1.85, -1.65, -1.45, -1.25, -1.06, -0.88, -0.72, -0.57, -0.44, -0.33}, //22
{-4.93, -4.58, -4.28, -4.01, -3.75, -3.51, -3.27, -3.04, -2.81, -2.58, -2.35, -2.12, -1.89, -1.66, -1.44, -1.23, -1.03, -0.85, -0.69, -0.55, -0.43, -0.32, -0.23 }, //22
{-4.93, -4.62, -4.34, -4.07, -3.81, -3.56, -3.31, -3.07, -2.83, -2.59, -2.35, -2.11, -1.87, -1.64, -1.42, -1.21, -1.01, -0.83, -0.66, -0.51, -0.38, -0.27, -0.17 }, //23
{-3.77, -3.49, -3.21, -2.93, -2.66, -2.39, -2.13, -1.87, -1.62, -1.39, -1.17, -0.97, -0.79, -0.62, -0.47, -0.34, -0.23 }, //16
{-3.48, -3.14, -2.8, -2.47, -2.16, -1.86, -1.58, -1.32, -1.08, -0.86, -0.65, -0.46, -0.29}, //12

//ttmas
{-5.89, -5.18, -4.59, -4.08, -3.63, -3.23, -2.87, -2.53, -2.21, -1.91, -1.62, -1.34, -1.07}, //12
{-5.89, -5.2, -4.66, -4.2, -3.79, -3.42, -3.07, -2.74, -2.42, -2.12, -1.83, -1.56, -1.31}, //12 
{-5.89, -5.27, -4.79, -4.38, -4.01, -3.66, -3.33, -3.01, -2.7, -2.4, -2.11, -1.84, -1.59, -1.36, -1.16}, //14
{-5.89, -5.33, -4.88, -4.49, -4.13, -3.79, -3.46, -3.14, -2.83, -2.53, -2.24, -1.96, -1.71, -1.48, -1.28},//14
{-5.89, -5.35, -4.89, -4.48, -4.1, -3.74, -3.39, -3.06, -2.74, -2.43, -2.14, -1.86, -1.61, -1.38, -1.18}//14
{-5.89, -5.39, -4.95, -4.54, -4.15, -3.78, -3.42, -3.07, -2.73, -2.41, -2.11, -1.83, -1.58, -1.36, -1.17},//14
{-5.89, -5.4, -4.95, -4.52, -4.11, -3.72, -3.35, -2.99, -2.65, -2.33, -2.03, -1.75, -1.49, -1.25, -1.04},//14
{-5.89, -5.42, -4.95, -4.49, -4.05, -3.63, -3.23, -2.86, -2.51, -2.18, -1.86, -1.55, -1.25}//12









 




